0.0
1.0166530481227083
2.183917906179849
3.7373910735015263
6.2081236336297865
11.348715349191965
31.34720652098983
-67.76318206555354
-18.032140454798448
-10.84622984502319
-7.9249444792976655
-6.321868752845472
-5.299351006262846
-4.58496682635066
-4.05445613147271
-3.6429120524869028
-3.313042000519751
-3.0418446410546487
-2.8143316467327444
-2.620297993209454
-2.452541017085856
-2.30582611199077
-2.1762462370743707
-2.060826585915351
-1.9572571428171945
-1.8637150363002486
-1.7787409986082654
-1.7011518654356825
-1.629977369914795
-1.5644136753048152
-1.5037886689111966
-1.447535666934764
-1.3951732294089596
-1.346289427528492
-1.3005300002945637
-1.2575873909504476
-1.2171944428687904
-1.1791171379557412
-1.1431497428573834
-1.109110591159395
-1.076838615263084
-1.0461904678430003
-1.0170381178030155
-0.9892668313245054
-0.9627734679477936
-0.937465038558392
-0.9132575186327049
-0.8900740020167126
-0.8678465589851605
-0.8465111060351003
-0.826010204074568
-0.806291130626293
-0.7873055318974296
-0.7690089807307694
-0.7513605823883923
-0.7343226264763245
-0.7178602793654161
-0.7019413118088087
-0.6865358571408278
-0.6716161961190377
-0.6571568360824459
-0.6431329840946853
-0.6295231038970885
-0.6163060673243119
-0.6034623855209034
-0.5909738260395092
-0.578823311842426
-0.5669948299368855
-0.5554733485458958
-0.5442447418346724
-0.5332957211847787
-0.5226137714425024
-0.5121870855675126
-0.5020043483701415
-0.4920560050504392
-0.482330796535378
-0.47281999634967165
-0.4635146526267958
-0.4544063321289554
-0.4454870436437619
-0.43674920499264525
-0.42818561588856996
-0.4197894336200162
-0.411554151193846
-0.4034735787253435
-0.3955418343695618
-0.3877534283153583
-0.38010151460983743
-0.3725839363751057
-0.3651936876536287
-0.35792651913569296
-0.35077799532828513
-0.3437438492588202
-0.33681999093981674
-0.33000250076575166
-0.32328762104235453
-0.31667174749148475
-0.310151421117036
-0.30372332050942097
-0.2973842545980032
-80.29113214722419
-0.2849610737913184
-0.2788711691099226
-0.2728587078473904
-0.26692105612201533
-0.26105567507326044
-0.2552601161134689
-0.24953201643679002
-0.24386909476130758
-0.23826914728191761
-0.23273004371568007
-0.22724972312045288
-0.22182618712654956
-0.21645743242225912
-0.21114196225804704
-0.2058774457666398
-0.2006623874935506
-0.1954950606436071
-0.19037380867657183
-0.18529702509504586
-0.18026314946487232
-0.1752706649780711
-0.17031809648884455
-0.16540400900726537
-0.1605270073603109
-0.15568574144384784
-0.15087897470004774
-0.14610438968238537
-0.14136276140761173
-0.13665139533714588
-0.13196937439618261
-0.12731553899551873
-0.12268873805370872
-0.1180878410301397
-0.11351173913593926
-0.10895934485068043
-0.10442959105408905
-0.09992143004598952
-0.095433832556446
-0.09096578677061973
-0.08651632822777999
-0.08208438458658163
-0.07766908332687478
-0.07326944225958248
-0.06888452297692532
-0.06451339915468385
-0.06015515574648833
-0.05580888820023072
-0.05147370170018101
-0.047148710466982685
-0.042833037166175536
-0.03852581273270886
-0.034226178696927595
-0.029933344336937617
-0.02564612313586362
-0.021364135492364045
-0.017086303799516117
-0.012811809020793999
-0.008539816524962482
-0.004269491517046448
-6.648970644742594E-13
0.004269491516651264
0.008539816524362802
0.012811809021166576
0.017086303799520502
0.021364135492330058
0.025646123135752166
0.02993334433685979
0.034226178697273096
0.038525812733852416
0.04283303716605316
0.0471487104674779
0.0514737017002114
0.055808888201300755
0.06015515574769037
0.06451339915482446
0.06888452297716108
0.07326944226016341
0.07766908332690514
0.0820843845853968
0.08651632822806049
0.090965786770348
0.09543383255566912
0.09992143004541204
0.10442959105441718
0.10895934485141018
0.11351173913582874
0.11808784103081671
0.12268873805485891
0.12731553899616532
0.13196937439528855
0.13665139533604143
0.14136276140782977
0.146104389682004
0.1508789746992002
0.15568574144363345
0.16052700736019831
0.16540400900676278
0.17031809648941632
0.17527066497812538
0.1802631494648319
0.18529702509572454
0.1903738086765524
0.1954950606434802
0.20066238749327947
0.20587744576648415
0.2111419622582763
0.21645743242305437
0.22182618712680546
0.22724972312088498
0.23273004371564643
0.2382691472808559
0.2438690947609029
0.24953201643620937
0.25526011611356036
0.26105567507355465
0.2669210561222979
0.27285870784877875
0.27887116911054266
0.28496107379098645
80.29113214722422
0.29738425459807194
0.30372332050888284
0.310151421117168
0.31667174749095484
0.32328762104194897
0.33000250076526083
0.3368199909406142
0.34374384925836976
0.3507779953278347
0.35792651913548446
0.36519368765335514
0.3725839363749244
0.3801015146088408
0.3877534283146675
0.39554183436845136
0.4034735787267205
0.4115541511923788
0.4197894336198724
0.42818561588836856
0.4367492049923072
0.4454870436436873
0.45440633212825476
0.46351465262642455
0.47281999634903604
0.4823307965353528
0.49205600505096725
0.502004348369089
0.5121870855673436
0.5226137714429269
0.5332957211848065
0.5442447418347243
0.5554733485456225
0.5669948299371788
0.5788233118431698
0.5909738260397538
0.6034623855227408
0.6163060673242905
0.6295231038963351
0.6431329840938663
0.6571568360825755
0.6716161961197651
0.6865358571415328
0.701941311809615
0.7178602793652967
0.734322626476348
0.7513605823884462
0.7690089807304821
0.7873055318978119
0.8062911306267246
0.8260102040753291
0.8465111060352222
0.8678465589849362
0.8900740020159674
0.9132575186319954
0.9374650385593235
0.9627734679476894
0.9892668313243459
1.017038117802149
1.0461904678439296
1.076838615263762
1.109110591157605
1.1431497428579969
1.1791171379550085
1.217194442868135
1.2575873909508932
1.3005300002943216
1.3462894275289767
1.3951732294091628
1.4475356669353063
1.5037886689129507
1.5644136753047673
1.629977369914585
1.7011518654364246
1.7787409986075988
1.8637150363013468
1.957257142816538
2.0608265859153905
2.1762462370743547
2.305826111990812
2.452541017085318
2.620297993210288
2.814331646733383
3.0418446410541953
3.3130420005197596
3.642912052486251
4.05445613147321
4.584966826350291
5.299351006262878
6.32186875284535
7.924944479297604
10.846229845022687
18.032140454798757
67.76318206554235
-31.347206520987065
-11.348715349192203
-6.208123633630477
-3.7373910735020233
-2.1839179061786482
-1.0166530481212546
