11.875801421701908
12.139566842435226
13.009123268180513
14.785490199520206
18.32157155474563
26.60899395188788
60.72798094258226
-111.38001278172756
-25.62691081500721
-13.51548450874997
-8.750710813251041
-6.236023171849703
-4.699094644755326
-3.672312852449986
-2.9438728340453877
-2.4041410764535027
-1.9908213356647633
-1.665982436948973
-1.4052627026422622
-1.1923362207937362
-1.0158760744560003
-0.8677934896211397
-0.7421693415699585
-0.6345805571208993
-0.5416614219448235
-0.4608097389782656
-0.3899851319666835
-0.3275675836655798
-0.2722563060980181
-0.22299619917756364
-0.17892354473784766
-0.13932534522320517
-0.10360849656462745
-0.07127623911149072
-0.04190902303342614
-0.015152245904621275
0.009297687694191481
0.03170073090533876
0.052280911036214905
0.07123215557260254
0.08872305295846017
0.10490075271756061
0.11989417824712578
0.13381668770586863
0.14676828830789113
0.15883748258812647
0.17010274676619996
0.18063521585896336
0.19049500906993766
0.1997397083786555
0.20841914787138638
0.21657842658948323
0.224258218324915
0.2314952738786069
0.23832286652092938
0.24477118061823844
0.25086765062478145
0.25663725737702825
0.26210278768898354
0.26728506234738325
0.2722031368432329
0.27687447850691743
0.2813151231728198
0.28553981403927486
0.2895621250095445
0.2933945704576938
0.29704870310590725
0.30053520144434215
0.3038639479157148
0.30704409885200334
0.3100841467758409
0.31299197441428694
0.31577489083542165
0.31843939270047683
0.3209934851589634
0.32344079373531703
0.3257880058975539
0.3280401883576856
0.330202162087427
0.3322784487581448
0.3342732861634577
0.3361906476857543
0.33803426085330296
0.3398076238321772
0.34151401786533725
0.3431565045867656
0.3447377633402217
0.3462631030392811
0.347729976486722
0.34914448683847926
0.35050820085020107
0.3518232335918993
0.3530916223923156
0.3543153012020989
0.3554961016979333
0.3566357582219735
0.35773591332425947
0.35879812321326887
0.3598238629233829
0.3608145311676631
0.36177145486795126
0.362695893380813
0.3635890424314724
0.3644520377862103
0.36528595866979385
0.3660918309534892
0.3668706301254834
0.3676232840517809
0.3683506755305282
0.36905364461690804
0.3697329905986161
0.3703894730558078
0.3710238079890067
0.37163655828420283
0.3722290266659379
0.37280094019069393
0.373353348208666
0.37388678061526825
0.37440177580740314
0.37489885095004016
0.3753785000047708
0.37584119404909866
0.37628738181615795
0.37671748979951614
0.37713192050852273
0.37753104118420666
0.3779150630791215
0.37828610827422404
0.37864097927786267
0.37898252291691215
0.3793105404238424
0.37962528441516596
0.3799270224210741
0.3802160144261848
0.38049250919067235
0.3807567435608078
0.3810089425055654
0.3812493193507851
0.38147807610558704
0.38169540378583466
0.38190148274476
0.38209648297881293
0.3822805644340217
0.38245387728185887
0.38261656218708884
0.3827687505564594
0.38291056477572616
0.38304211844247327
0.3831635165943069
0.3832748559904089
0.3833762255426051
0.3834677074196695
0.3835493824599485
0.38362143049466757
0.3836833287962379
0.3837359364998203
0.3837788892628322
0.38381225732777013
0.3838360718595466
0.3838503528450725
0.38385511189699173
0.3838503528452908
0.38383607185898105
0.3838122573279579
0.3837788892627505
0.3837359364998021
0.38368332879619493
0.38362143049472786
0.3835493824587516
0.3834677074193136
0.38337622554301465
0.3832748559902214
0.38316351659456893
0.38304211844225877
0.382910564775647
0.38276875055616477
0.3826165621872004
0.3824538772815038
0.3822805644330852
0.3820964829787412
0.3819014827455065
0.38169540378615596
0.381478076105907
0.3812493193509967
0.3810089425063943
0.3807567435614714
0.3804925091903756
0.38021601442617103
0.3799270224215583
0.3796252844155251
0.3793105404248901
0.37898252291711687
0.3786409792779055
0.37828610827424736
0.37791506307955003
0.3775310411838839
0.3771319205089839
0.3767174897984904
0.3762873818156597
0.3758411940489814
0.3753785000048512
0.3748988509499806
0.374401775807272
0.3738867806148913
0.37335334820828286
0.3728009401903071
0.37222902666574625
0.37163655828389675
0.37102380798960727
0.3703894730554927
0.36973299059869574
0.369053644617863
0.3683506755310305
0.36762328405227235
0.36687063012617727
0.36609183095366926
0.36528595866987745
0.36445203778608104
0.36358904243159307
0.3626958933811187
0.36177145486997253
0.3608145311672712
0.3598238629226127
0.35879812321499777
0.3577359133239279
0.3566357582215442
0.3554961016978886
0.3543153012025027
0.3530916223909477
0.3518232335904942
0.35050820084984446
0.3491444868389728
0.3477299764867563
0.3462631030392449
0.3447377633401084
0.34315650458708546
0.34151401786494917
0.33980762383231805
0.3380342608521449
0.3361906476861333
0.33427328616195867
0.3322784487577045
0.3302021620877422
0.32804018835712423
0.3257880058977665
0.32344079373495016
0.32099348515928555
0.3184393927011809
0.31577489083519167
0.3129919744140174
0.31008414677664453
0.30704409885193323
0.3038639479159598
0.3005352014444555
0.2970487031061109
0.2933945704581841
0.2895621250092
0.28553981403948675
0.2813151231719733
0.27687447850696373
0.27220313684343334
0.26728506234622984
0.2621027876892842
0.25663725737695575
0.25086765062489524
0.24477118061790248
0.23832286652349133
0.23149527387829272
0.22425821832455117
0.21657842658980542
0.20841914787162752
0.19973970837897004
0.19049500907082484
0.18063521585939102
0.17010274676520865
0.1588374825870088
0.1467682883089919
0.13381668770718835
0.1198941782474896
0.10490075271753951
0.08872305295879546
0.07123215557163276
0.052280911036171274
0.03170073090526526
0.009297687693838874
-0.015152245904687889
-0.041909023032683956
-0.07127623911186287
-0.1036084965639903
-0.139325345224661
-0.17892354473815475
-0.22299619917790814
-0.27225630609818763
-0.3275675836655336
-0.3899851319667883
-0.4608097389783947
-0.5416614219447193
-0.634580557121521
-0.7421693415686335
-0.8677934896211948
-1.01587607445618
-1.1923362207931114
-1.4052627026436757
-1.665982436948493
-1.9908213356654936
-2.404141076452824
-2.9438728340483467
-3.6723128524499877
-4.699094644755814
-6.236023171849623
-8.750710813251409
-13.515484508751682
-25.62691081500963
-111.38001278172948
60.72798094258971
26.608993951888
18.321571554745855
14.785490199519206
13.009123268180304
12.13956684243601
