11.875801421701908
12.182063312190179
13.191163164317565
15.250534825913382
19.344786979599878
28.928046930420155
68.34131273272574
130.37390878127093
31.335230130029558
17.329426515535136
11.80591736109902
8.879978013939583
7.082698042973964
5.8743342163180845
5.01048917622492
4.364711048585616
3.8651800589035883
3.4681863128348978
3.1456677957532126
2.878823932899367
2.6546113913604485
2.4637166231868686
2.2993179458149635
2.1563160020487238
2.030825600373458
1.9198383661310798
1.820990923449373
1.7324024333692818
1.6525585383412262
1.5802270255657442
1.5143955875554
1.4542252435127914
1.3990150323065895
1.3481748866289096
1.301205075258237
1.257678669785533
1.2172299531095692
1.1795432002944493
1.1443446282714305
1.1113956646529903
1.0804874749149043
1.0514364759348358
1.0240806350292218
0.998276399334071
0.9738961346247604
0.9508259800795417
0.9289640680869047
0.9082184815750345
0.8885077368390999
0.8697568647294249
0.8518987019797274
0.8348722071015432
0.8186218596168562
0.8030970515900977
0.7882515546916331
0.7740430547562157
0.7604327444426565
0.7473849657959907
0.7348668957399207
0.7228482686175919
0.7113013812141703
0.7001996230211869
0.6895197871460712
0.6792393937503499
0.6693377883988192
0.659795754031375
0.6505953875867364
0.6417199891559784
0.6331539621511615
0.6248827231205293
0.6168926197610849
0.6091708546451561
0.6017054032533403
0.5944846613714931
0.5874997273366989
0.5807382752484841
0.5741921052529442
0.5678522680922258
0.5617104080628219
0.5557586468635266
0.5499895434498956
0.5443960628487691
0.53897154849737
0.5337096969133664
0.5286045337754509
0.5236503885004238
0.5188418320096525
0.5141743847519868
0.5096419588222942
0.5052408358315479
0.5009664579229216
0.49681464320367064
0.49278141980690393
0.4888630063347321
0.48505579971182416
0.481356364829413
0.4777614251289578
0.47426785389933507
0.4708726661745975
0.46757301118066097
80.29194716824705
0.46124952536735175
0.4582206026980564
0.4552770170947231
0.45241649152368707
0.44963684699859047
0.4469359977971464
0.4443119469517186
0.4417627819808908
0.4392866708101615
0.43688185769713384
0.43454665849466784
0.4322794505753961
0.4300785410877466
0.4279431930979275
0.4258709472157746
0.4238609634930224
0.42191189062990075
0.42002247172950274
0.41819150631347657
0.41641784462343423
0.4147003847913665
0.4130380705281807
0.4114298887010083
0.4098748657316084
0.40837205725484177
0.40692045894576745
0.40552049565677967
0.4041688032261819
0.4028664251635482
0.4016122531187852
0.400405548209581
0.39924562466100355
0.39813183221803844
0.397063552182619
0.39604019568387283
0.39506120254579985
0.3941260403574883
0.3932342036822736
0.392385213322354
0.39157862246637415
0.39081398196294886
0.3900909079289483
0.38940901301453906
0.38876793999200215
0.3881673544658858
0.38760694444211113
0.38708641994139187
0.38660551265551674
0.38616397570613453
0.3857615836033616
0.3853981329487898
0.38507344766109475
0.3847874829538621
0.38453949137645393
0.384330190391973
0.3841590525047439
0.3840260294894393
0.3839310596016517
0.3838740964653656
0.38385511189699173
0.3838740964655794
0.383931059601073
0.38402602948963943
0.3841590525046625
0.3843301903919529
0.38453949137640364
0.3847874829539162
0.3850734476599333
0.3853981329485499
0.3857615836037551
0.38616397570600886
0.3866055126557805
0.38708641994133386
0.38760694444221955
0.3881673544656186
0.3887679399921537
0.3894090130142997
0.39009090792803663
0.3908139819626299
0.3915786224671642
0.3923852133226035
0.3932342036823954
0.39412604035754656
0.395061202546686
0.39604019568471155
0.39706355218230305
0.39813183221822607
0.39924562466181773
0.40040554821012714
0.4016122531194809
0.4028664251633661
0.40416880322629833
0.40552049565666404
0.4069204589458512
0.4083720572544617
0.40987486573198867
0.411429888699867
0.41303807052796254
0.41470038479128324
0.4164178446234892
0.41819150631372387
0.42002247172937707
0.4219118906295079
0.42386096349255653
0.4258709472153607
0.42794319309787393
0.4300785410878824
0.43227945057604283
0.4345466584946252
0.4368818576971833
0.4392866708103879
0.4417627819810863
0.4443119469517992
0.4469359977977682
0.4496368469989079
0.45241649152392127
0.4552770170954517
0.45822060269852954
0.46124952536738706
80.29194716824709
0.4675730111804023
0.4708726661736618
0.47426785390072934
0.4777614251283583
0.48135636482882255
0.48505579971145746
0.4888630063355742
0.4927814198056096
0.49681464320235763
0.5009664579225231
0.5052408358316912
0.5096419588221851
0.5141743847512258
0.518841832009061
0.5236503884997946
0.5286045337762513
0.5337096969123248
0.5389715484965317
0.5443960628488447
0.549989543448716
0.5557586468632036
0.5617104080624404
0.5678522680915984
0.5741921052525415
0.5807382752482588
0.5874997273373171
0.5944846613709815
0.6017054032530758
0.6091708546453817
0.6168926197615129
0.6248827231205399
0.6331539621510393
0.6417199891562906
0.6505953875874911
0.6597957540318121
0.6693377884003268
0.6792393937504196
0.689519787145038
0.7001996230204529
0.7113013812143668
0.7228482686178412
0.7348668957406865
0.7473849657967231
0.7604327444425815
0.7740430547561318
0.7882515546924591
0.803097051589732
0.8186218596171242
0.8348722071020437
0.8518987019805243
0.8697568647296158
0.8885077368390711
0.9082184815743892
0.9289640680860257
0.9508259800802733
0.9738961346248233
0.9982763993340897
1.0240806350284037
1.0514364759357584
1.0804874749156075
1.1113956646511418
1.1443446282720413
1.1795432002937147
1.217229953108911
1.2576786697859796
1.3012050752579711
1.3481748866294132
1.399015032306745
1.4542252435134708
1.514395587557178
1.5802270255657453
1.652558538341047
1.7324024333700019
1.8209909234487445
1.919838366132177
2.0308256003727974
2.1563160020489445
2.2993179458145208
2.463716623186927
2.6546113913600204
2.8788239328998677
3.1456677957544152
3.46818631283427
3.865180058903972
4.364711048584698
5.010489176227063
5.874334216317797
7.082698042974312
8.87997801393944
11.805917361099251
17.329426515536156
31.335230130031718
130.37390878126675
68.34131273273108
28.92804693042036
19.34478697960031
15.250534825912537
13.19116316431716
12.182063312190838
