0.0
0.0
0.0
0.0
0.0
0.5784348987720229
0.6321004121141001
0.6861671710556204
0.7762985229492188
0.8053420890461315
0.809389366344972
0.8559777303175493
0.8559777303175493
0.809389366344972
0.8053420890461315
0.7762985229492188
0.6861671710556204
0.6321004121141001
0.5784348987720229
0.4584822417660193
0.3626271791078828
0.29250981184569275
0.16099755330519241
0.03794724561951377
-0.03794724561951377
-0.16099755330519241
-0.29250981184569275
-0.3626271791078828
-0.4584822417660193
-0.5784348987720229
-0.6321004121141001
-0.6861671710556204
-0.7762985229492188
-0.8053420890461315
-0.809389366344972
-0.8559777303175493
-0.8559777303175493
-0.809389366344972
-0.8053420890461315
-0.7762985229492188
-0.6861671710556204
-0.6321004121141001
-0.5784348987720229
-0.4584822417660193
-0.3626271791078828
-0.29250981184569275
-0.16099755330519241
-0.03794724561951377
0.03794724561951377
0.16099755330519241
0.29250981184569275
0.3626271791078828
0.4584822417660193
0.5784348987720229
0.6321004121141001
0.6861671710556204
0.7762985229492188
0.8053420890461315
0.809389366344972
0.8559777303175493
0.8559777303175493
0.809389366344972
0.8053420890461315
0.7762985229492188
0.6861671710556204
0.6321004121141001
0.5784348987720229
0.4584822417660193
0.3626271791078828
0.29250981184569275
0.16099755330519241
0.03794724561951377
-0.03794724561951377
-0.16099755330519241
-0.29250981184569275
-0.3626271791078828
-0.4584822417660193
-0.5784348987720229
-0.6321004121141001
-0.6861671710556204
-0.7762985229492188
-0.8053420890461315
-0.809389366344972
-0.8559777303175493
-0.8559777303175493
-0.809389366344972
-0.8053420890461315
-0.7762985229492188
-0.6861671710556204
-0.6321004121141001
-0.5784348987720229
-0.4584822417660193
-0.3626271791078828
-0.29250981184569275
-0.16099755330519241
-0.03794724561951377
0.03794724561951377
0.16099755330519241
0.29250981184569275
0.3626271791078828
0.4584822417660193
0.5784348987720229
0.6321004121141001
0.6861671710556204
0.7762985229492188
0.8053420890461315
0.809389366344972
0.8559777303175493
0.8559777303175493
0.809389366344972
0.8053420890461315
0.7762985229492188
0.6861671710556204
0.6321004121141001
0.5784348987720229
0.4584822417660193
0.3626271791078828
0.29250981184569275
0.16099755330519241
0.03794724561951377
-0.03794724561951377
-0.16099755330519241
-0.29250981184569275
-0.3626271791078828
-0.4584822417660193
-0.5784348987720229
-0.6321004121141001
-0.6861671710556204
-0.7762985229492188
-0.8053420890461315
-0.809389366344972
-0.8559777303175493
-0.8559777303175493
-0.809389366344972
-0.8053420890461315
-0.7762985229492188
-0.6861671710556204
-0.6321004121141001
-0.5784348987720229
-0.4584822417660193
-0.3626271791078828
-0.29250981184569275
-0.16099755330519241
-0.03794724561951377
0.03794724561951377
0.16099755330519241
0.29250981184569275
0.3626271791078828
0.4584822417660193
0.5784348987720229
0.6321004121141001
0.6861671710556204
0.7762985229492188
0.8053420890461315
0.809389366344972
0.8559777303175493
0.8559777303175493
0.809389366344972
0.8053420890461315
0.7762985229492188
0.6861671710556204
0.6321004121141001
0.5784348987720229
0.4584822417660193
0.3626271791078828
0.29250981184569275
0.16099755330519241
0.03794724561951377
-0.03794724561951377
-0.16099755330519241
-0.29250981184569275
-0.3626271791078828
-0.4584822417660193
-0.5784348987720229
-0.6321004121141001
-0.6861671710556204
-0.7762985229492188
-0.8053420890461315
-0.809389366344972
-0.8559777303175493
-0.8559777303175493
-0.809389366344972
-0.8053420890461315
-0.7762985229492188
-0.6861671710556204
-0.6321004121141001
-0.5784348987720229
-0.4584822417660193
-0.3626271791078828
-0.29250981184569275
-0.16099755330519241
-0.03794724561951377
0.03794724561951377
0.16099755330519241
0.29250981184569275
0.3626271791078828
0.4584822417660193
0.5784348987720229
0.6321004121141001
0.6861671710556204
0.7762985229492188
0.8053420890461315
0.809389366344972
0.8559777303175493
0.8559777303175493
0.809389366344972
0.8053420890461315
0.7762985229492188
0.6861671710556204
0.6321004121141001
0.5784348987720229
0.4584822417660193
0.3626271791078828
0.29250981184569275
0.16099755330519241
0.03794724561951377
-0.03794724561951377
-0.16099755330519241
-0.29250981184569275
-0.3626271791078828
-0.4584822417660193
-0.5784348987720229
-0.6321004121141001
-0.6861671710556204
-0.7762985229492188
-0.8053420890461315
-0.809389366344972
-0.8559777303175493
-0.8559777303175493
-0.809389366344972
-0.8053420890461315
-0.7762985229492188
-0.6861671710556204
-0.6321004121141001
-0.5784348987720229
-0.4584822417660193
-0.3626271791078828
-0.29250981184569275
-0.16099755330519241
-0.03794724561951377
0.03794724561951377
0.16099755330519241
0.29250981184569275
0.3626271791078828
0.4584822417660193
0.5784348987720229
0.6321004121141001
0.6861671710556204
0.7762985229492188
0.8053420890461315
0.809389366344972
0.8559777303175493
0.8559777303175493
0.809389366344972
0.8053420890461315
0.7762985229492188
0.6861671710556204
0.6321004121141001
0.5784348987720229
0.4584822417660193
0.3626271791078828
0.29250981184569275
0.16099755330519241
0.03794724561951377
-0.03794724561951377
-0.16099755330519241
-0.29250981184569275
-0.3626271791078828
-0.4584822417660193
-0.5784348987720229
-0.6321004121141001
-0.6861671710556204
-0.7762985229492188
-0.8053420890461315
-0.809389366344972
-0.8559777303175493
-0.8559777303175493
-0.809389366344972
-0.8053420890461315
-0.7762985229492188
-0.6861671710556204
-0.6321004121141001
-0.5784348987720229
-0.4584822417660193
-0.3626271791078828
-0.29250981184569275
-0.16099755330519241
-0.03794724561951377
0.03794724561951377
0.16099755330519241
0.29250981184569275
0.3626271791078828
0.4584822417660193
0.5784348987720229
0.6321004121141001
0.6861671710556204
0.7762985229492188
0.8053420890461315
0.809389366344972
0.8559777303175493
0.8559777303175493
0.809389366344972
0.8053420890461315
0.7762985229492188
0.6861671710556204
0.6321004121141001
0.5784348987720229
0.4584822417660193
0.3626271791078828
0.29250981184569275
0.16099755330519241
0.03794724561951377
-0.03794724561951377
-0.16099755330519241
0.0
0.0
0.0
0.0
0.0
0.0
