11.875801421701908
12.182063312190179
13.191163164317565
15.250534825913382
19.344786979599878
28.928046930420155
68.34131273272574
130.37390878127093
31.335230130029558
17.329426515535136
11.80591736109902
8.879978013939583
7.082698042973964
5.8743342163180845
5.01048917622492
4.364711048585616
3.8651800589035883
3.4681863128348978
3.1456677957532126
2.878823932899367
2.6546113913604485
2.4637166231868686
2.2993179458149635
2.1563160020487238
2.030825600373458
1.9198383661310798
1.820990923449373
1.7324024333692818
1.6525585383412262
1.5802270255657442
1.5143955875554
1.4542252435127914
1.3990150323065895
1.3481748866289096
1.301205075258237
1.257678669785533
1.2172299531095692
1.1795432002944493
1.1443446282714305
1.1113956646529903
1.0804874749149043
1.0514364759348358
1.0240806350292218
0.998276399334071
0.9738961346247604
0.9508259800795417
0.9289640680869047
0.9082184815750345
0.8885077368390999
0.8697568647294249
0.8518987019797274
0.8348722071015432
0.8186218596168562
0.8030970515900977
0.7882515546916331
0.7740430547562157
0.7604327444426565
0.7473849657959907
0.7348668957399207
0.7228482686175919
0.7113013812141703
0.7001996230211869
0.6895197871460712
0.6792393937503499
0.6693377883988192
0.659795754031375
0.6505953875867364
0.6417199891559784
0.6331539621511615
0.6248827231205293
0.6168926197610849
0.6091708546451561
0.6017054032533403
0.5944846613714931
0.5874997273366989
0.5807382752484841
0.5741921052529442
0.5678522680922258
0.5617104080628219
0.5557586468635266
0.5499895434498956
0.5443960628487691
0.53897154849737
0.5337096969133664
0.5286045337754509
0.5236503885004238
0.5188418320096525
0.5141743847519868
0.5096419588222942
0.5052408358315479
0.5009664579229216
0.49681464320367064
0.49278141980690393
0.4888630063347321
0.48505579971182416
0.481356364829413
0.4777614251289578
0.47426785389933507
0.4708726661745975
0.46757301118066097
80.29194716824705
0.46124952536735175
0.4582206026980564
0.4552770170947231
0.45241649152368707
0.44963684699859047
0.4469359977971464
0.4443119469517186
0.4417627819808908
0.4392866708101615
0.43688185769713384
0.43454665849466784
0.4322794505753961
0.4300785410877466
0.4279431930979275
0.4258709472157746
0.4238609634930224
0.42191189062990075
0.42002247172950274
0.41819150631347657
0.41641784462343423
0.4147003847913665
0.4130380705281807
0.4114298887010083
0.4098748657316084
0.40837205725484177
0.40692045894576745
0.40552049565677967
0.4041688032261819
0.4028664251635482
0.4016122531187852
0.400405548209581
0.39924562466100355
0.39813183221803844
0.397063552182619
0.39604019568387283
0.39506120254579985
0.3941260403574883
0.3932342036822736
0.392385213322354
0.39157862246637415
0.39081398196294886
0.3900909079289483
0.38940901301453906
0.38876793999200215
0.3881673544658858
0.38760694444211113
0.38708641994139187
0.38660551265551674
0.38616397570613453
0.3857615836033616
0.3853981329487898
0.38507344766109475
0.3847874829538621
0.38453949137645393
0.384330190391973
0.3841590525047439
0.3840260294894393
0.3839310596016517
0.3838740964653656
0.0
0.0
0.0
0.0
0.0
0.0
0.0
0.0
0.0
0.0
0.0
0.0
0.0
0.0
0.0
0.0
0.0
0.0
0.0
0.0
0.0
0.0
0.0
0.0
0.0
0.0
0.0
0.0
0.0
0.0
0.0
0.0
0.0
0.0
0.0
0.0
0.0
0.0
0.0
0.0
0.0
0.0
0.0
0.0
0.0
0.0
0.0
0.0
0.0
0.0
0.0
0.0
0.0
0.0
0.0
0.0
0.0
0.0
0.0
0.0
0.0
0.0
0.0
0.0
0.0
0.0
0.0
0.0
0.0
0.0
0.0
0.0
0.0
0.0
0.0
0.0
0.0
0.0
0.0
0.0
0.0
0.0
0.0
0.0
0.0
0.0
0.0
0.0
0.0
0.0
0.0
0.0
0.0
0.0
0.0
0.0
0.0
0.0
0.0
0.0
0.0
0.0
0.0
0.0
0.0
0.0
0.0
0.0
0.0
0.0
0.0
0.0
0.0
0.0
0.0
0.0
0.0
0.0
0.0
0.0
0.0
0.0
0.0
0.0
0.0
0.0
0.0
0.0
0.0
0.0
0.0
0.0
0.0
0.0
0.0
0.0
0.0
0.0
0.0
0.0
0.0
0.0
0.0
0.0
0.0
0.0
0.0
0.0
0.0
0.0
0.0
0.0
0.0
0.0
0.0
0.0
0.0
0.0
0.0
0.0
